5000
4903 9839
741 -3963
9148 -5204
-4822 -4549
-1987 -7972
6667 -7123
-8488 -8623
-4570 -1237
-4013 -5745
8537 2558
4398 -6985
8057 -5761
-1959 8603
-2433 9898
8919 -6072
9282 -7843
246 -5841
7128 -1960
5662 8836
2415 -7023
-4704 -6247
9103 -3596
5769 1514
-9674 9125
-1998 8824
-251 -819
-4124 9178
-7795 1887
-8218 -3499
7995 -9455
7229 -4721
-3468 -5916
-7254 4510
2630 7353
-5752 7389
3101 -2850
1840 5559
-2738 645
-6089 1653
-1530 6526
8277 -1559
1895 -9906
4179 100
6280 1067
-8046 -4760
-3742 -839
-9160 1870
-4252 -9984
7221 5018
-6342 -8742
8884 -7028
4876 613
-4277 -7402
7341 316
1916 1559
-2025 128
8031 -8531
-7732 -1213
3383 -3563
-95 2645
8229 -8438
5399 9008
1131 -6061
-3690 9970
-189 -2755
3424 -1107
-2005 -2789
7642 5304
3565 -8718
4371 1581
2758 -4037
9151 394
7264 6129
1129 9371
-398 6960
-3367 784
-4887 1012
-6971 7321
-2427 5868
9481 -8217
6287 7370
-9495 -5330
8135 9082
-7867 820
-6174 -3037
5222 2100
2065 8324
9886 2265
-7589 -4995
-8257 5002
2809 -3061
368 2850
-9388 -7360
-6221 6982
-5818 -9679
-2270 7696
-8199 2587
5294 5387
-4542 4480
2259 8181
3995 -9691
5544 -7362
-8263 4532
8718 -3211
1125 763
4910 -7432
4124 -5521
-1027 -653
-2998 -2345
-5942 5494
5303 -4850
-3362 -6496
9232 7525
299 9478
-6970 -5502
-3193 -2070
2745 -6439
-8994 2500
1394 -2271
1112 -3920
-6078 6990
-4143 3418
-4589 -4838
-6428 7322
-6387 -4054
-1615 7802
422 6764
-7122 -1156
3671 2039
-6595 -5789
-5767 9239
-6242 -3374
-6045 -3021
-178 563
-6528 6473
7952 9272
6542 7978
1572 8312
9293 3219
8093 4070
3953 2976
5864 7083
6113 -996
7507 5981
-9318 2161
8828 9354
-5676 -3100
-8154 -5318
3231 9230
-538 8431
5339 3009
3849 -2861
-2007 -888
-8740 2444
-4809 -5435
-449 -9548
3946 -666
258 1256
-6625 -3325
513 4951
-528 3841
-120 1310
7644 8598
4948 -359
6131 -3110
-4919 -9937
-6244 9662
8730 -9056
9127 -1276
-910 -2999
-2256 -4938
789 6116
-7390 8376
-4592 4989
6642 590
-8694 -3444
-1283 4511
-1041 -8502
-6872 -7462
-505 -605
4163 1618
6313 8301
9484 -512
6695 4284
604 -687
2129 4650
7584 -6489
-2793 -5591
-6948 3763
-1300 9268
3189 9959
2998 -4460
-4417 8524
1345 -755
702 7232
7815 6588
9229 9695
2837 6125
-1251 2487
6632 3122
-8319 1124
-5615 -2671
8461 -3344
-1029 -4795
-2696 -5451
8445 -635
3838 226
6205 4204
8620 773
2717 -9041
8142 -2550
-6419 3371
1497 5540
5420 7889
674 1081
5660 564
7131 5578
7586 -7936
5573 -4331
-2922 8927
-448 -3860
-8060 -3847
8786 -1550
-7251 -998
-6511 8632
7505 7975
9770 5672
4979 4230
-2457 1013
5831 -7079
1236 1082
4531 6222
-1111 -2119
2234 8259
2639 4140
8630 2950
-6305 3790
1407 2002
-4491 7428
4584 -6953
2791 -3583
4400 2041
3576 7684
794 -8541
-9402 -6644
4521 -5440
-163 -5843
-2309 8470
1609 -4282
7263 905
6216 -5511
6362 -652
-9998 -5446
4280 -4021
-5735 -7023
-1279 115
6428 2784
129 -5182
6682 -7511
-7355 1205
7086 774
7660 -717
9619 4070
-6887 9537
-3901 2936
-9607 9791
-9836 -6322
-3169 -1699
54 -4949
2039 -978
-6597 -5186
7194 7621
4634 -5594
-1869 7053
4027 -7128
-8213 -881
-6928 -3943
3819 -4559
-3171 -2922
-271 -4069
-8559 4743
9879 1328
-7416 -1070
-50 2750
-4047 -8172
4763 1630
449 3623
-2198 2271
3580 -9961
4649 5212
-4062 -3940
-4490 -6774
1148 1273
6718 4106
-141 -8610
-8529 -7024
5322 -3893
-2420 -1340
-5065 -4135
5037 -4296
4456 5381
1100 2198
-1891 157
8669 -552
8255 -8453
1860 -3211
2429 4516
9993 5381
-768 6653
-9821 1310
2211 5843
-7110 -5437
-9644 1787
6308 -5658
-3958 9141
-2664 -2285
-4999 -1056
-9244 557
4959 3311
5117 -9009
2603 -2731
5851 -1689
-471 4681
546 -9194
-3886 2199
9427 -1719
-4315 -6273
3493 8613
2491 -3464
1841 6322
3848 4327
-6594 9113
4211 -5855
-8212 -6515
3760 -565
-9579 5921
-8465 9188
8706 -5059
9992 4578
5033 -4326
-8760 5501
8227 3842
9714 9054
-7971 -8726
5450 -7858
8066 -1577
-8530 8795
-2858 8276
-6137 6737
4100 -4616
2893 -2939
-2954 6678
1778 -6494
-3254 -3503
-4980 -1448
8621 7912
1503 -3834
5081 8347
6100 -437
9399 5156
-7885 -9487
-1966 1617
1369 1998
4450 -7260
2045 -9570
-8923 -6745
-9523 -352
2781 4179
-1545 -8452
-7936 6208
2308 5531
6253 -3102
-6479 -9847
6919 5303
-6287 -1205
-7825 4300
7337 8944
-6732 2379
9026 5428
-4691 9780
-945 -5994
4452 -5410
-2526 5366
7434 -8146
3385 -9099
-109 4552
-2502 -6810
-7152 -3416
-5740 -8865
-1905 1216
5078 9147
9026 -6751
8254 -3223
-4083 -8467
-3621 -9599
5153 3026
6239 -7716
-2847 -1698
-8921 1663
9424 -1845
-7281 5065
-8082 -7188
8903 -2377
-3199 4147
6096 6684
-1881 7890
-2667 4092
-5299 -93
-5021 1202
-3664 -9303
-552 5901
5474 2983
-4252 6865
8312 -4786
6037 4545
-4496 2596
-8289 9939
-1503 -9987
7228 6213
-5654 630
9976 1770
-4563 -305
2281 7262
-4307 -7854
7582 7245
-6678 -124
-4674 8726
8706 -3182
9590 -1066
7064 -7962
-689 -8414
8110 -8450
1179 5522
6178 -2607
-4405 -5312
2678 -1235
-3144 5706
-9279 7678
463 -4221
-9299 -1515
1172 6166
-2368 8791
1223 5627
-2730 -7016
-8768 -8321
-9577 -1706
9149 -7693
-8682 8389
3659 -6114
8515 6759
-8917 8299
6550 2894
-5434 4557
-6980 -380
8005 -8972
6354 3810
-1768 -1422
866 3144
3954 9318
327 5551
-1748 3193
-3840 -6084
-5735 -5616
-385 -5451
4387 -7669
-5982 -3424
-2736 -6058
-2598 2872
9615 4737
4224 6666
2607 7650
-5021 -9796
-4676 -3388
-9939 571
1440 -1826
-5566 4341
3559 -7037
-1494 -2111
2139 2634
-1371 -9818
-5059 8471
5232 5674
7009 -223
-3454 -5710
-8824 7994
3529 9216
-4906 3661
-7056 602
-1786 -4045
8591 7652
-5677 9044
3108 -3787
7896 -323
3017 -5699
5435 9512
-9267 -3019
-3892 4041
1724 4135
-7583 -695
-6805 5547
-9935 5771
-605 3446
4644 -4782
-754 9898
-9982 7904
9674 -3817
4042 976
5859 -4103
-4637 -981
7777 -2668
6759 -7755
-1146 -8337
7260 -3452
3107 1052
-8064 -1192
-1815 8909
-7240 -6956
7587 -1448
-352 9662
1568 2678
-9569 3119
-5718 7531
9837 4550
2938 5132
8182 -4173
-1228 3397
1528 5862
8787 7820
-3084 -2269
6185 -1904
2110 8193
7961 1209
-281 -9235
-6578 997
3388 -2693
6248 -4299
7450 -4902
-3100 -6360
7963 1323
-8175 -7290
3609 7975
2869 6108
-9965 4787
-2619 -3103
-5743 9767
-8365 -8084
-6524 -6528
-9432 -7763
5158 3072
-2189 9072
1128 -8059
-8257 875
-421 -6929
5946 -3571
-1038 5146
9856 5593
-4094 3475
4486 4134
-4677 -8148
1174 4931
3384 6524
-3260 3621
-4329 4331
-7776 3977
-5471 -5337
-1518 -5110
-6489 -7247
1582 1668
6231 -8006
-3471 6964
8840 -9049
7935 -890
9910 -3958
6010 1
-1015 -3567
6913 3305
-8102 2879
-4313 4603
5200 -1878
-4796 5247
-9154 -8032
-8100 -5702
-3336 4966
2081 -6848
-8108 -7182
7903 -6671
5323 4209
6091 2432
8588 7630
3710 9628
8320 2223
-5008 8095
-2250 5177
-7008 631
7066 6978
6468 -1892
6789 1281
6117 6871
9051 3637
-7555 -5056
3960 2858
-1892 -3833
-1470 3583
7982 -2312
6788 3255
6014 7569
4411 -4425
6926 -1377
6976 -6196
6548 1487
1973 -8550
-3914 -5087
-3650 -206
-3460 -5959
8092 9219
3381 -5049
5184 -1234
-4333 -4538
-5886 8824
-435 4166
7194 5303
3843 -6189
-9037 8898
3696 1213
4354 -2507
9894 5246
7088 958
2970 2510
-3228 -6806
9817 8735
-2957 3940
-404 7568
9873 1063
-7615 -4355
9907 1464
-5492 8152
4239 -7619
4292 6669
-2393 -7725
-6050 -2548
6097 5326
-314 598
9325 8134
-2138 -5774
5795 3157
8690 -9080
9007 829
-2877 -6746
-4293 6274
-6063 -100
6512 -1949
1306 -7110
-7015 -8258
-8993 4706
6665 6300
-5097 -5503
9244 2365
-7362 1716
-5746 8998
8243 -8261
-6800 8159
-150 -3250
2774 -6412
9145 -6590
5258 1038
962 1332
8337 4049
939 -1954
-5980 -3204
-2388 7583
7127 3156
-2440 9494
-1747 4192
-8325 -3359
-1809 5406
9000 -3291
8031 -7802
-3301 8353
8201 -5445
116 9397
-7404 7597
9448 -4373
-4662 3570
-3841 -4806
-8575 4591
-2304 7458
1385 -9341
-5389 44
598 355
8496 8581
-8088 2503
5219 9852
2038 -5747
3301 6139
-2650 2585
-155 9464
6679 -1785
4986 9530
3708 -8068
4155 4683
-1967 6481
-4784 3599
-2291 -8459
5324 7371
7586 6655
-2246 -2155
-3942 1534
7484 93
-7622 9595
3589 -8915
-9731 20
7844 -1161
-5254 -1769
-9222 -6831
-4327 -4919
6336 -1334
6199 -6187
548 -4570
-2713 -8381
2142 496
-1071 5930
8552 695
-5169 -8001
3406 -4855
730 -5107
7151 4112
-1657 3070
4414 8013
8637 6376
-1148 9477
-9237 2154
1697 2504
-9682 9088
1645 -7755
-9014 2053
-7194 -9242
-2547 -6907
2156 -5662
1467 -2851
-5992 -7253
4825 5632
2439 -9220
-2071 -7776
-9678 -6871
-601 2535
-3207 910
2766 2664
-268 6774
-5768 -3952
376 -4258
353 1160
-5841 8676
-7913 6393
-3341 -4750
-9086 75
-3455 1487
2367 -3895
-5348 -4869
9715 917
-5426 8094
8765 -1484
2846 -1549
-4741 1895
-2009 4788
3360 5381
-9894 -4581
6773 8265
2393 -6335
1473 3762
8692 1536
5565 5072
-7786 9324
-4011 5306
8542 -3340
-1988 -5399
7059 3314
-8527 2281
-3024 -8164
8314 5708
3416 191
-1599 1870
1889 -4468
-32 -8874
4714 4102
3712 -9013
3658 -4047
2224 3038
-7471 -6307
-3698 3522
-7539 -47
3352 -8669
-3224 -1241
8322 -3208
-6054 -5509
1289 556
-4650 5764
-9655 -1499
-6866 -6306
-6818 6681
-645 -5138
-9409 -5560
2948 -2975
943 1106
-8911 -1566
-249 -6717
5534 -5208
3246 -6537
6839 -2930
-4907 -6870
-2790 -6825
7180 222
-7188 -6845
5636 7893
-4393 -6277
-96 8834
-9490 -380
-5834 7599
-639 -1089
-1618 9751
7816 -2784
-4298 5511
4739 -1995
5022 -9442
-7482 6882
1661 6064
8600 -9948
-529 -3821
-2319 368
-8373 -208
1388 3049
-4502 7365
8530 916
-7228 -4086
-9374 5646
4101 -2073
8687 -4658
-4687 9994
7473 -8331
5483 4806
-1867 5078
5374 -1276
2061 3839
-9767 -9543
-9852 7986
-83 8993
-2717 8590
-1638 -5234
-8283 -1664
6981 -6178
-4768 -892
9932 -3129
-7219 -6266
7376 3258
4739 -523
-1294 -3988
4885 -3180
-8341 6309
7675 6773
-4697 -5310
682 -7685
-4235 -7361
-4271 5107
-9357 -9903
6979 -9453
8276 -864
-5313 1660
-426 9025
5146 -1497
-4057 -1673
6463 -3025
-4282 670
-721 -6095
-5893 -9538
6931 2053
-2909 -5057
-6968 2290
3140 -7083
-6658 7292
-8858 -2327
-6910 7279
6279 4191
1201 9570
-8676 -6775
7246 -7367
-8837 -829
830 6976
-1773 -6293
6597 5094
3359 -8177
1000 -9820
-6835 -5074
3456 3332
-3897 2397
8520 -3344
5683 7853
-2639 8269
-4764 9183
696 1526
9469 -291
-7419 -9119
-6784 4297
889 7919
4113 -3944
-5937 -568
-3680 -1753
-6068 9318
6672 -7091
4113 1352
-9265 7868
3467 -1073
-5295 589
-3050 -6691
-8190 2560
1739 -957
3011 -4930
5625 -6350
9242 119
6964 -1133
4036 5536
9219 -9954
-1667 -913
-9664 -2565
3920 -1958
-8404 -7673
-4930 9343
791 -8400
6242 3653
6175 2626
-2653 -2420
6109 -8448
4317 5020
6421 -8751
2622 -9718
-9924 -3447
-4055 -4754
7315 -4802
8649 3420
-9406 5618
253 9514
-612 3768
964 -588
-6028 3667
4279 4024
-2593 -4412
3943 -5662
-8480 -3544
9427 7666
-4271 3312
2666 9086
4813 3638
-2035 5042
6381 9823
-7972 -4408
-7050 -7179
3059 -9443
-7628 -2168
8191 -7659
588 -5096
1047 -7247
-3030 8597
2875 4488
2610 -8394
-6275 858
-4229 -9017
-2309 -2719
-7049 1166
-5299 5750
-4198 5921
3030 -5852
1639 -1314
1073 -5414
2528 3385
-8035 3687
-1735 7086
-2922 -9175
-7736 -88
2115 6215
-9237 3477
-7568 4774
6098 1169
9820 -8033
5130 -4222
7605 1205
-6869 -7559
6538 4667
1873 -3102
1114 8283
-2476 -1712
-8041 9224
9641 38
-7407 -1315
3905 -3134
-4984 3039
9051 -1515
4987 2325
3488 8256
-1950 -9531
-1134 -895
-545 -3250
5780 759
555 -4177
-9453 2411
-1049 5365
8798 3831
-1309 2474
1517 -6792
5133 -3941
-1425 1135
-1938 -1736
-9239 -5434
2154 4646
-2547 -5787
-8822 3617
8847 644
-583 8418
8832 5208
-6556 -1119
9482 6769
-1863 -8506
7914 -350
4241 -4781
9793 -7487
-9193 280
-6878 -8009
1894 7731
-8957 -8809
-4011 1213
8604 5909
8370 6334
1232 5333
6518 -1847
-5586 273
3641 6308
9764 -3749
-3423 1806
-7003 -3432
349 1110
325 -3065
4852 -5060
-6595 897
494 6856
8750 1686
7375 7641
-781 2230
277 -6428
8399 1802
261 -7419
3132 -3913
-9195 -480
-1129 -5502
516 6871
5414 -9913
4733 4474
841 4878
-9112 1669
-8943 3429
2929 -9665
-5162 9661
-598 2727
2898 6000
-2911 -2467
5974 -6996
3406 1194
6307 -2232
7977 -5763
-3870 -4669
6069 8906
-9620 3623
-8558 8662
6952 -7100
-3201 4341
1342 8607
-7485 -5030
8873 -75
7742 3471
6684 -1923
6622 2871
7409 -7017
-9103 2409
-3319 -6462
8167 -6927
6900 6650
-4461 5725
7360 4022
9954 1215
8219 739
5775 -2
-800 2747
6191 7366
-9511 -1564
2321 -3619
25 -5494
-2448 8052
-1291 -6803
-8503 7397
2726 -968
1981 3413
-5268 -6275
7440 4691
3068 -3211
-2390 -5149
-30 -3473
5251 -4055
2302 -3376
-6329 -5339
-3209 -6470
1920 8244
1217 1786
3048 2393
-903 -2514
-2984 4162
2524 -7443
8489 -813
8758 -7639
-4735 -4526
5306 -8501
-5702 3699
-9174 -2531
6411 -6502
-746 -8393
-4250 -7916
9526 6835
605 -805
7111 3736
-7805 2946
677 -4953
-4406 -4419
9772 3447
2326 -2587
-1962 -3936
-2814 -60
-8642 8196
-645 -4708
9231 8220
7418 -6253
5375 -451
-6862 -2511
-8264 -5069
4636 5689
1951 -707
2075 -4979
-9835 2319
4796 259
5904 8716
3926 -2622
5143 -1003
5460 -6810
4421 5809
-9274 -8671
-2520 -4687
-37 8890
6318 8448
7571 -8873
-8092 8105
-6155 4841
8811 6637
5461 8744
3988 -7835
-225 -962
-6601 9095
-613 -9486
-5707 39
-1396 -3623
4089 9948
3068 -4074
-5795 3306
-1792 -3362
9329 3185
-1298 -8283
4748 3668
-1649 7799
4871 9085
-1433 8505
3536 6715
-799 2255
-3966 1687
7930 -1616
5925 -552
4596 -3721
-157 1193
-2962 -8041
-4964 7918
636 -4496
-1572 -1178
9415 -9197
3462 -1942
4290 -270
744 1587
-4357 -4792
-8529 99
2840 7373
746 -9188
9892 2517
5376 9824
712 -120
8588 -7577
1874 -6446
-3370 -3609
2763 6952
-1551 -6938
77 -5287
7300 -1603
8792 7976
7397 -1801
7640 -5662
-6195 -612
-5193 9743
8352 -336
1212 -5777
8026 8119
128 -1396
8110 -466
-7785 1039
6183 735
-6900 -5648
8824 -1310
6759 8408
-9978 -1873
-9927 -7651
-7980 -8084
5119 -2823
-7817 -3626
-3925 -800
7615 2130
-4799 6965
5179 -1461
8926 330
2934 -8528
-3397 -2234
-3818 -2248
-8208 -3338
-4902 3288
-4487 5114
2629 -3601
9721 225
-409 -1137
-7797 6109
-7001 -7049
-3579 1735
-6541 3014
3424 -5947
-4467 -3865
-827 284
-236 -3572
-4526 8549
-8476 2307
6166 4267
-9876 -1543
-7922 -1105
-9139 960
6571 1216
2408 4976
-2627 -3685
-3664 -7183
-2670 -18
5051 4867
-5694 3167
4328 7738
-8872 8963
-5885 5228
-4650 -3800
-9076 -8828
-1299 7284
2696 -2064
5985 4542
-9128 7526
874 2498
6443 -7792
1644 557
8761 -7143
-6052 -3053
9097 5491
-6502 -3344
-2000 -7001
9938 -7615
-2672 -6885
-5221 -4368
-4390 370
291 1236
-3726 89
3619 8399
-3169 2788
-890 7525
-6007 1807
6723 2119
-3907 571
-9798 -8743
1279 8402
-2898 -4568
7673 -7955
-717 -304
-2003 3599
-2787 7756
2746 -4759
-3112 -3927
1916 -9592
-5718 -1329
-762 -4451
-9885 -3691
-3619 -4028
-7338 6192
-3724 -2181
6291 6757
-7087 -6478
4352 -2793
-6732 -5141
3562 -5771
-9195 -6078
401 3232
-4425 1353
-5221 8751
-5081 650
-9798 -4315
-3712 1530
2019 -4270
8287 -9207
9050 1700
9382 3091
-6580 -9822
7308 455
4843 -777
889 9680
-7195 -2943
-3155 -9947
-2134 -4684
5147 -3117
-9266 5027
-8807 -6090
1273 5625
-2384 605
469 1382
1503 -1378
-1080 -7525
-4192 -8139
-5154 -2286
-9499 223
5924 5119
6510 5555
-2138 -4762
-2155 3145
8839 -3765
-6336 -3298
583 1404
-9942 -5977
507 5471
-8183 -2205
2562 -3298
9986 -6540
7720 -7734
760 -9670
-8751 -5017
5206 -9849
-5186 -5077
959 -4386
8517 -4362
6048 -3966
-2220 4470
1765 -5767
-2282 -5200
8038 7516
-7584 -8215
1354 -626
-4104 2706
7660 -779
5132 3049
7835 -4405
4478 -2486
1896 3856
1028 -6488
-8113 -4341
-9555 4444
-4495 -5132
9423 5783
-9986 8091
4936 5752
5742 2919
-5773 3244
7914 9463
3629 -4169
4255 2108
-2738 -8263
482 -4532
-2198 452
1556 -9735
-7426 7909
3205 -5795
-7088 2379
7071 -2028
6280 -3515
-49 113
2691 9569
4285 9379
7306 -5085
-8633 -8766
-400 2432
-9774 -4804
-743 -221
8396 8707
-6039 -9964
7065 -1029
-5774 9748
5517 7026
-7453 1537
6 1848
6173 -58
-6817 -2857
5880 -5859
9416 -2307
-2549 1102
-1838 -7113
-916 322
665 142
7683 -1992
4947 3133
3983 8363
-5990 6243
-581 -9021
-4114 2943
-5948 7259
6831 -4231
4908 -481
-4940 9658
-752 3083
-684 -4885
362 702
1256 2858
1874 4178
9887 3904
-917 -4626
9343 4539
6589 6873
7865 7809
-4069 -3060
7723 4901
8254 -3528
-6359 192
4271 -7608
-2022 9564
-4739 1006
-9107 -5400
8692 -169
-7230 -6720
-2894 1151
-5631 5241
-8909 1982
-6140 8677
7916 -7708
-820 8035
1654 -2749
3727 -7692
5359 4415
-3139 -6111
-2940 -8936
8587 -519
-3800 -9677
-1358 8076
-5519 4742
5847 -3243
4102 4584
703 4779
-7429 -7518
3809 -3728
-7388 -5036
2275 1978
3212 -58
-2090 8010
7279 8585
-760 -5724
-7030 8881
6219 -3958
2564 4887
-959 -9232
-6661 -4217
4195 -6827
-3555 -7578
-6068 7069
6547 8947
9737 2877
-9394 -9411
-8723 -7904
-1212 -3392
6269 6257
2412 632
-9203 -4104
-4498 1570
-6214 5221
8365 -5339
-7785 -2317
3441 3040
-7068 6828
769 -898
-4467 789
-3991 841
-8538 8331
8847 6363
-6330 -7619
7603 4123
7253 -4045
8617 2783
-1645 2706
-5014 -1701
7670 4874
8635 -1289
8703 1886
6731 2053
9436 -2435
7656 -5551
1327 9686
-8925 -4521
247 -8429
-830 -7535
-2952 -861
-2101 -8595
7617 -5758
-2593 6260
-934 -9343
-5316 225
1841 -7531
1431 658
2153 7298
2137 -425
-8400 -3207
6927 6105
-5276 3154
-7204 7567
-5120 3137
-7464 -3216
-6464 -7480
-8750 -1469
-3026 7230
1093 4461
-5522 -9529
-7013 8778
-7120 -2570
2607 -1143
-1746 416
3326 2949
-566 9594
-9135 -9746
2211 1794
6680 -5538
-8555 -160
1380 5928
8121 7900
-3311 -680
-8781 -7101
-6316 4923
-3796 7675
-4903 -8872
-6194 8148
3224 7293
-9453 3938
-688 4463
9811 -413
7350 -6058
-8345 -9005
6320 5179
-9451 -3369
3015 4638
-909 -2942
-9343 -5020
-9259 -6714
-2363 -4646
-3268 8402
-3256 1758
4497 9736
6448 4062
8570 9386
-6085 -2493
-9473 6916
6117 -1466
-9450 -7254
-2335 -9777
-3421 -1496
4373 9573
-5340 458
2037 6748
7491 -1756
6551 7261
-3700 -6042
-2269 -8592
-7158 -4408
-556 -8081
-5453 -7743
6609 -8838
-7285 -4492
4111 2175
941 2122
-5570 7995
5621 -2587
8774 8228
-5971 -2829
-2902 -5962
-2301 9699
6571 325
-7166 -3346
-8794 6568
-815 4708
-4309 4957
3301 -4254
5676 -5678
1894 3210
6857 9151
6347 9861
-4193 -4632
-6186 8556
-8361 8886
-4817 -497
7379 5671
8493 -4594
4219 -5153
-4314 -3716
8327 6061
-5698 7542
-7010 6232
-3569 -528
-5307 -125
1737 4452
-3667 818
313 -2054
-2309 -2163
3892 1202
-3489 -5722
-4986 -7681
1385 9681
7328 20
6463 -2105
1526 828
8636 -4391
4882 -9205
4849 8805
6871 -426
8937 4341
3863 1764
-2851 731
-6831 -3439
-4643 547
7714 -3618
955 4484
9772 4049
1047 -8018
-3844 -6692
8903 6411
3008 6797
8348 -9092
5816 -9276
5935 -483
3097 -1114
965 -5683
2264 2169
414 3249
5170 -9347
6512 767
-5338 -4084
180 -4856
9872 -5848
-4163 -9167
-252 2866
2648 3563
670 -7474
-8667 7065
3415 -3760
4915 -7555
625 5839
7450 -1172
5416 -3362
-7781 -2397
-6366 7797
-3188 -4497
-3205 -1865
1749 -2909
-3384 3204
-8965 1663
4887 5102
9769 -9770
6237 7401
3646 -262
836 3349
9833 -1071
-4262 4067
-9858 -1178
-1534 -8648
-273 3234
-8068 8233
7198 1951
-3947 -2855
-3232 -7465
776 4241
448 -9789
-4796 -6749
-2442 5522
6070 7219
2590 8014
2991 2480
6766 285
7963 7883
9764 2727
-2007 -7074
8625 -4736
-6524 -2199
-270 6653
7904 -2182
4176 -908
633 1111
8961 6594
-7100 9622
-6276 -7514
-3491 -5381
2751 1246
-1239 1713
-9757 -548
-8533 -3088
3987 -1830
-2620 4041
4541 -2150
5615 -4816
6735 7403
3520 905
7618 -1748
-6957 -6503
-2619 -8120
3518 -9828
-2615 8341
4158 7277
-3783 -6627
174 -2621
6502 1763
-2443 -9722
5185 991
3830 -3994
-8288 6591
6569 1111
-9022 7715
-7113 -3679
-1034 5604
-2999 -5501
-1797 -4736
-5669 8363
5933 -8706
9527 5646
4011 102
-2177 1168
7675 -1764
-1318 -5029
-155 3241
5719 -3374
4421 7036
-8216 789
-4690 -7593
9193 -331
5453 -2163
-1689 613
6371 -4325
9176 1237
-2569 -806
-5656 3891
1464 8184
1994 1610
-1232 -4600
3435 2742
-967 7915
6475 5724
9885 -9626
77 1166
-6521 3541
3052 3526
-7899 -143
-9808 -3826
-8209 7210
4796 2000
-941 7444
7539 -9349
-1103 -8173
5162 6237
-4958 174
-7979 9909
-1029 -3550
-9364 7538
1361 2586
727 5997
5597 -1990
-2242 3890
6142 818
1790 -8393
7992 -4181
-181 1558
604 -8565
-6317 1588
-9625 5824
-3173 8057
-4788 3840
-3876 3305
1520 3142
-5446 5650
-780 -7347
4813 -796
-3518 8799
6403 -8951
-314 -6351
-5492 8078
37 3555
8245 9222
-9646 463
-695 -2464
-7233 -953
7163 5537
-4241 2669
785 -8244
-8114 4452
-7630 -7001
-3737 6139
2386 5338
1006 -9386
-4925 1804
-4968 -7366
-8098 6726
1315 -1252
-1980 1656
5595 -3099
2950 -8944
-6164 7018
2883 -9828
-4510 9275
-6555 3813
-1986 4646
9162 5233
-8722 -8491
1815 3898
-8832 -7094
-1784 9739
-4613 7501
-7497 -9868
-2855 -9564
-5778 7010
-5351 9128
-3839 4984
-8498 -8687
9163 -756
-6744 2214
-153 1731
7169 1262
-6210 385
-6529 -3331
5447 -194
6933 4121
488 2688
8685 3210
5669 -3665
4514 2750
3027 -4947
5053 -3565
-837 -1115
-1515 -5823
3731 9965
-7655 -7430
641 -1047
3058 6484
-7430 4125
3710 2117
6661 -9524
-5011 4415
-9924 527
-1361 3472
6299 -1709
-4356 2828
4729 506
9187 -5206
6677 734
-7902 4904
-8100 9293
2937 5481
-2540 4363
-6520 -8466
9629 -7800
640 -8457
2624 -7603
6089 2550
-9937 -9363
-3641 8635
-9755 5013
-2122 -4560
4320 -483
-2160 -9865
-234 -1736
9806 1836
2026 8805
217 7367
-2462 -492
-3045 -4288
-2953 -2896
3842 4099
7651 -5900
-9796 2332
4417 -3364
-5270 6040
-5625 -6538
4659 -3113
1415 -2503
-8840 7943
-3477 -6656
1768 1365
-7607 8804
-484 3818
2180 8721
-4989 555
3682 -9354
1588 3140
-8830 3778
-2212 219
-687 5507
-4282 -6871
-6466 -6234
-2539 -1436
-5854 -6671
-4049 -9959
-1653 -989
9188 -6298
5336 -7523
1705 8847
4584 -3615
-9848 5695
-8375 4174
-7642 -6272
1873 -8482
-4283 7636
9708 940
-1370 1016
7626 -1361
-2170 8627
1343 -9048
-329 -1150
2770 -5030
-7792 -5330
-8542 -2114
7804 8693
-7927 -1059
5635 -7073
5354 23
-8496 -641
-8593 -6268
6690 -7372
7612 -1686
-9668 7406
-9619 -1828
-3924 -3304
4646 3078
-2496 3631
6713 1302
-7076 6654
1966 7688
-7730 -6013
-6287 -2976
5563 766
5305 -4298
5661 -2397
-2865 8471
7219 -2390
-5738 -2957
1238 -5544
-5363 -5198
-5711 3286
-8190 1108
-5954 -1005
-8563 -7997
-3787 -5948
-2902 -5151
7393 -6281
-8538 2702
8915 588
2750 -435
-7900 4678
2510 8472
9561 6175
5858 9893
-631 -330
-9937 8468
2016 -2837
3398 -1017
-7823 2605
-7023 -3432
-672 3301
9489 1609
-9496 -7715
-8923 3500
-3853 1560
-1872 -9351
1705 5071
-7299 -390
-9225 -6663
1547 -2129
3137 -8456
2634 6542
-6012 -1371
2833 229
320 2478
524 -3690
-2390 -3818
-9763 -1201
5188 -9099
7967 7275
5097 -7643
3746 7809
-8458 9414
-3237 6944
-5538 -6213
-1792 8840
-8942 5106
3430 -2216
-9333 -7054
-2380 1874
-548 848
-6821 3668
-8965 -8182
3039 -4478
4834 3902
4422 9874
-4631 4271
2773 779
-2203 4825
5000 -5426
-8134 5888
-4233 -3468
-5730 1684
-4749 2504
2751 2452
-1868 2242
3280 -3907
-2177 -5751
9178 -9923
6774 9724
-3626 -8760
-7891 560
-635 -1666
3470 -3214
-7668 -7349
9987 -4159
-2054 -6955
7 3564
-4920 6647
-602 -650
6566 -9466
2770 -7618
-4231 -7820
-3407 9276
-3553 -1476
1601 -2280
8051 5276
8199 -9374
3778 5207
7166 5936
8213 8465
171 99
2465 -7710
-5705 235
6085 4259
9168 -7470
679 -2577
-6842 -4161
-1531 9727
-5210 -2815
-8259 4194
-9662 3808
1050 2266
-2210 2670
-5155 -619
9785 -127
9480 3462
1136 8100
363 -7329
-83 -6521
7884 6357
-6809 2188
-645 -930
7040 627
2117 2359
2157 4051
416 -19
4195 -5981
8126 6362
9049 -9802
4499 1625
-4611 -3297
4473 -706
-6950 7217
6286 -4943
5476 -4202
-191 -8690
-699 -4617
1003 -1850
-5548 -8020
5226 7163
-9448 2485
7224 -4266
9456 -501
9267 -2883
9974 4001
-6379 -281
-1021 -3742
968 6487
7714 -9939
-3981 9823
4340 -2940
6883 -3642
-5759 -894
-9321 -1188
3016 -24
1909 7069
-5028 7336
1073 2903
-521 -1261
-163 3551
7950 -831
-4918 -8525
-7824 -9910
2330 -6958
4414 4515
435 -5609
5960 5402
-7178 3491
5602 865
-8508 350
-1181 455
4100 -2
-7909 -3448
-5254 1643
5185 8065
-2992 -1025
223 2468
-8127 -4830
-8022 5408
-5818 -5850
6775 7636
4397 8500
9540 -2482
-8892 -431
4514 7581
7301 8613
-2754 9486
-5269 -2505
5068 5084
9383 5624
5344 -9313
-2143 6348
-2493 -8540
4168 -6509
3529 7651
1513 -9807
-3317 7342
3575 1182
6057 5600
457 4573
-4557 5177
7129 7603
-9236 -1606
-8272 736
-2264 4378
101 -3107
6025 -1443
-1194 6087
-221 8048
992 8080
3349 7616
6040 6862
-3932 7108
1930 -96
-4089 3549
1437 9468
-5374 -5190
180 -9834
-6442 254
5584 9113
9731 -6568
5755 9151
-2451 -5381
-5832 8125
-1465 7488
-8597 8008
-5393 2376
-8777 -2174
9136 -9734
1535 -6344
6463 1823
-5175 4187
-7060 633
-7733 1214
8376 -1361
2529 9524
-7536 1879
8349 -83
-8139 6888
-688 -8552
2939 3804
-8631 -1578
2145 3429
4860 2250
-6414 -7647
-8971 -6709
8718 1928
-7351 -2092
8607 -8432
6211 6916
-7648 2953
9749 9895
-5041 -8122
5544 2728
4027 1306
-4035 -7753
953 86
716 -7341
454 6402
-7959 -490
5772 17
-2373 6022
-2391 -763
-9194 535
-771 440
1310 -9707
-9323 2396
9096 9986
4055 -8527
-6537 267
7884 -7869
8222 2280
6388 8782
2337 -1368
-8788 9990
7454 -7795
9526 -3300
-8857 2334
-4675 -6274
2286 5721
-8928 -4991
-6501 -6414
9996 -4328
-8430 8557
990 730
-1397 -1020
2938 1774
1625 3641
1794 5347
9634 -1173
6900 2173
-677 -762
2986 -895
-9234 3977
1253 -3239
4660 329
-814 -2258
-806 2875
8632 4635
2283 715
7211 3780
7642 482
1387 -1527
-734 -2248
5074 -2498
-9460 -23
-5909 -6542
8821 -1102
5685 4261
600 891
-5094 -2408
-2697 -5772
6069 8274
9794 -4805
-7421 8749
5008 7159
-6936 -1082
1615 -6881
4531 8840
7850 -5487
9838 3013
8902 -6249
-3779 -5318
-3763 -4272
-1079 -9705
7190 -5629
-5965 -8608
-4191 -382
-3524 3413
4412 3113
-1321 -5929
-4828 6325
2493 -6619
-3087 5172
1842 5701
4366 6844
6410 -3914
1053 1892
-1310 -6448
8007 1387
2036 4065
6274 -7716
-8441 637
3123 -8328
-6891 -8004
6642 -8882
-5572 -5263
5834 5767
-2160 -7423
1258 -7160
7769 1064
3885 3219
-4072 -9655
-2039 7949
339 3916
-9072 -7076
5406 -6975
-8923 4613
-2204 -7112
4765 -8144
257 -4759
2063 -154
9059 3248
2416 1672
251 5286
-5949 -3887
2293 5166
3618 -9029
-9820 -6945
6355 -8786
-7324 5174
1332 -808
-8932 3717
-4288 -8598
-6340 -8779
-2030 -5048
-2189 -598
2582 2527
9001 -5961
4160 2680
-2072 6288
-2303 5052
-136 4814
630 -9761
-593 -9894
4432 -5259
-3467 3550
9179 5083
3908 -7129
-1223 -4659
-2464 1013
-1988 -970
-2685 9099
8301 -7109
-7416 -8910
-8030 6141
-1105 -6326
3286 -3613
-2524 6279
9327 -3747
-6913 -4528
1995 -6446
-3212 -6771
8418 4260
222 7498
8618 6129
5261 -1182
-4856 6914
-1724 8667
-2263 764
6513 -2262
7655 -1684
8135 8291
5845 -7142
-9736 2791
-2394 7628
-6457 -7477
-7746 -7937
9018 -5542
-7759 -5914
-9319 -5960
2669 -4915
-7529 -4160
-9121 -9924
8530 6371
8111 -1191
-1458 -1438
-260 5348
-2183 -6322
-4582 -1503
-2617 5559
3996 7430
-108 -9010
2585 2738
-3436 -6920
7896 -6182
6425 -6349
83 2472
5069 2569
-4155 2295
7411 5769
-5672 -6107
4679 8797
-914 4981
2783 -3095
4246 5339
9039 3743
6702 -4879
44 5238
5193 -8519
3255 -1859
3511 5450
8474 4293
2383 -5110
8478 7267
-9722 5247
7833 3122
1085 1613
1231 103
-7250 1094
1903 7604
9955 9659
-1167 -7444
-5222 -7319
-3051 -5038
-7572 9830
7376 -5637
9040 -730
-7742 -1123
-4582 -9614
-3587 -5805
6502 5515
-3374 8999
7506 -4084
-7342 -4912
3889 9941
2488 -5902
-423 5650
-1814 3852
-3383 5918
-485 -299
7941 3516
4839 -9552
7870 3470
4082 -8185
-645 -7647
-5316 -7636
-5319 -2292
-8898 -5561
3032 -167
-4950 8861
-9977 -8140
1072 -7513
-2658 3277
4785 -6611
-8916 -1594
-7740 -500
870 6711
-3747 -7015
-9325 -3822
-8872 -5964
1834 -9158
5733 1535
5256 123
9417 -8131
4548 -6254
-9180 6783
867 653
-322 6081
-7557 2351
3106 -5408
8684 693
-9270 -9051
-9907 5184
1493 -2031
-8545 8116
-6237 -3147
-1296 -8987
-2973 9180
-3873 9537
-2769 7218
3860 2916
-1160 7338
-2415 -4524
8632 -9784
-2967 171
-9458 -1676
3071 6536
-4649 -8860
-9888 4783
1442 -9929
8629 1448
-9587 6432
9982 3966
-1922 -147
-6374 497
-46 -7094
-4880 5888
732 -4232
-8148 -6608
3363 4616
6552 1277
-9065 1283
7574 5439
3781 2168
5662 -4114
9068 1343
-1905 -2841
8588 -7588
2502 2408
7355 3619
7398 -1222
6590 6536
-9783 7635
-6797 7183
-4197 9583
9288 6720
-8580 6825
-6481 -2648
512 -871
8858 -5458
-9816 5909
4191 7739
1428 8610
4811 7961
7299 -1680
3265 -557
-3964 9744
7218 -2226
4686 -5601
1066 9938
2236 6598
-3635 6078
-3402 -7652
-77 1269
-6360 1235
1899 -6628
3550 2813
3434 -8512
4586 8850
-4893 -8394
-7176 -4758
9883 7482
-3682 -156
683 -8325
9606 5744
2665 -3888
8063 8920
2306 -6415
-456 8113
1141 -920
-1313 -6459
4320 -3937
6420 -108
5893 3223
-3691 5730
3187 5836
9292 -541
7113 -3006
6714 -1118
-241 6754
1664 -1752
1662 -2105
8569 -4213
-4691 4629
-9494 -152
1944 6472
-2291 6026
2919 9283
921 3819
-8939 6426
3950 7460
5365 -6124
-7443 6829
-3180 -1396
-8193 -4689
-3129 -9339
-1647 4387
7415 -9561
1878 -3575
-2506 633
-5417 -8737
2716 6461
-6214 6714
-1874 -6735
6539 7829
6073 -7105
-2180 3333
-7197 4204
2882 -2214
-4662 -8260
8966 6704
2822 5195
-7023 1282
-1881 3322
8611 2480
-2596 -5505
-3675 428
1843 2686
-5257 8904
-9910 -4158
-1298 -6446
2064 -6023
-762 -6025
2840 5019
1583 -6789
-2444 -5908
-8913 -4247
1666 -2122
-1559 7521
3483 2503
-1405 4804
-5346 -5941
424 1577
6569 7392
-8510 116
-540 3977
-2305 9495
3037 5411
-5360 -1155
-4043 9001
8441 3099
-8262 5399
-5077 -6688
-6592 -9429
8761 -6035
-5755 -2778
-4579 -2414
7247 3897
8900 -1996
3552 7660
-2594 5448
3529 -8534
3750 3579
6396 -8409
2716 6255
-6763 9595
1563 4481
4062 5495
3066 -746
9136 -2888
-1832 5997
8631 7525
-4129 -7762
-1444 -9892
-7752 9139
6511 6636
5293 -1704
1595 -7008
9570 -9728
-8351 1344
-3084 -8183
-2145 -7494
-9273 -5350
5658 939
3524 -8249
-9169 -355
-1132 -3560
-508 1408
6817 6003
5595 1512
-4978 6288
9342 3576
9743 -3399
-5698 -6733
-7114 1069
5925 2793
-2395 -2209
-9805 -3650
-1859 6125
6797 -8780
-3421 7617
-3417 -9503
8308 -3135
-2233 -1148
8804 -9814
-3825 -6434
-5324 136
-3679 628
-7525 4279
-7238 4126
-9652 2391
-1948 -7545
-4175 -1963
-7960 -8924
-3756 -6859
-6734 -9309
9206 4374
-5068 -2595
-296 8844
5268 2877
8833 5449
-5537 -7300
-5107 2359
-1883 7468
-8530 -433
-6125 3862
3362 -7329
-9128 4188
-435 -5872
4671 270
-5175 -3310
-7392 5663
6919 -4517
-5640 302
-4796 8916
-9076 -6370
9011 -116
5292 -5101
-2073 -4648
7561 3466
9920 -5428
9606 6676
9265 -596
-2671 6535
3501 744
7840 -4425
-5827 -5003
-1948 2142
2840 -1200
-4220 9409
-2002 7814
2264 -7446
-1357 -9755
4850 -6523
-2622 5973
-3740 -5788
-3434 -8796
349 -9747
-2916 -4069
6397 -2485
8154 -2175
6800 4459
-8925 5348
9457 4013
-8168 -6851
2058 9127
9572 8151
-4533 -7895
2307 7051
-1968 9020
4553 -6149
-844 7528
-5516 3627
9008 -7032
4648 -2201
-4943 -3092
2402 8264
-8745 -9827
-8986 7804
-8522 3295
-9212 -9163
-8355 -5772
-6085 -2868
-5360 -1586
5736 -1757
-2055 33
7899 7377
2962 4303
8668 9272
-25 -2552
6339 6488
9365 4033
8091 -4851
-3276 -8693
6896 -4706
-8909 4502
5573 4737
8232 3716
-7795 -5073
3612 7351
-1013 593
-2769 -3596
9853 5024
-991 5025
-4699 -3048
-8495 -8259
-2171 4030
6955 -5701
-8529 -2388
-3864 8765
-9592 -6668
1518 442
-2848 3442
4460 -6839
9144 9246
2097 3740
-4341 2623
8460 -4254
-744 2961
4179 -6933
6140 1698
6006 -56
-6212 9349
-3328 -8458
7782 3932
2244 4592
8791 4846
6943 -4346
9075 6789
9251 -3590
-9436 -4153
5880 -3945
4854 -2236
6081 5206
5569 1209
5042 -1490
3433 -6931
-7375 -1291
-2674 -8427
-3347 -2198
-3231 2917
-4621 -4789
-2999 7504
4949 812
5680 2806
-3330 2467
3709 -2232
-7498 292
5817 -49
5089 6024
-6732 1466
-4027 -3428
8890 -6266
-8841 5721
2221 -1767
8328 7501
135 1449
9640 -2354
-9533 669
9053 7349
2814 -4732
9526 -7237
-5462 -7426
4800 -4336
-9434 2332
2891 7375
-3516 629
-5466 5303
-3056 8807
-3679 -6733
6345 9227
8591 -2554
4477 -831
-7668 -7741
-1872 4856
-176 -4852
897 7739
-6791 7999
1940 -6791
-7966 6315
-1066 5494
5155 9888
5342 -9047
1017 9505
-3085 -5663
-9298 -8340
-5653 5785
-8996 3587
-3323 2079
-1715 5369
-9759 2540
7536 -4290
-7492 -2258
-3523 -1256
-2580 -3466
-6638 -6266
6772 5
4333 -9150
-5928 8703
2103 3523
8152 -7173
5344 -6210
4153 -1836
-9199 5112
6735 -378
1322 9860
4923 -3335
6074 6393
7958 -555
7380 -2401
4476 -7728
2084 -9620
-9026 6967
-5112 4342
-8548 -9846
-486 -2026
9975 4762
7217 7414
7196 3745
1556 4344
-3059 1365
2009 7798
5212 -6498
-1190 107
3931 7940
-7108 4627
-8677 -5496
9047 5879
742 4963
-7184 7186
-6724 -3542
3659 6581
-9893 -6652
9885 -9839
-552 8660
9196 -5788
7888 -6964
-9342 -6889
263 4286
-4832 7472
-1843 4780
-9589 -6488
7261 4886
-3350 5471
5714 -8663
-3329 -7767
929 4370
1068 -9517
7705 5428
7690 1864
-6383 -1352
-9341 5270
8743 8679
6738 8287
-6155 5936
-4385 6455
-206 -4657
-972 -1505
-3954 147
9319 -4780
6697 -5587
-5554 -1890
1988 6963
3282 -6482
1967 -9825
-4595 4835
6596 3304
3855 9508
4120 -4860
-5232 8582
8148 -1637
1626 9778
5721 215
2438 -4415
-4659 -7428
4436 -2443
6108 2469
5167 9203
-5798 2549
-6718 -8221
-4604 3220
-3681 -6330
530 780
9859 6490
1488 -480
4374 -9094
-4622 -9264
-2928 -1667
2787 -5333
2388 -8228
-5475 -2303
8177 -605
-4261 7848
8726 -5874
8136 4651
5306 -8429
-8143 -7011
3185 -5072
-7956 -2045
-752 -5059
355 5947
4096 5820
-1803 3529
-7822 5372
-4604 -3167
-3584 9534
-9840 -8490
7253 7699
5042 6923
7931 2682
2054 5733
8353 6837
4214 2802
9048 -7611
-2449 -7856
-3712 -5169
5419 -2553
1416 -1423
3600 -7644
-8803 2209
5669 -6646
8729 1303
-1765 5771
-8589 -9653
-4265 5486
-115 -4880
24 6566
2887 4622
7593 7259
-8394 5394
4481 9789
-2180 -6749
-9455 -8416
-5886 2712
93 -1325
-5901 2685
5726 -4279
7012 -1301
7003 -2950
-1398 8442
1391 8700
6653 2064
2259 -8833
4806 8853
4560 6794
984 6340
-9250 -4198
7728 5880
5533 5478
757 -3350
1656 -1302
254 7059
1386 7199
-606 -5697
9553 -5813
7619 543
-1343 -6837
-5997 5780
-6865 5756
992 9377
-3223 -4739
8151 3299
7691 -2242
1934 -77
-2007 -8868
3166 -8475
6293 -8049
-3214 -7308
-1554 9593
-9322 5059
1772 503
9299 373
9175 -9560
-2317 7587
-8201 -8053
2744 9777
-5514 1379
9872 -3605
547 6955
9368 -6372
-4735 9470
6310 8421
1020 6093
4250 -3295
6377 -8689
-2666 -6458
5077 5932
-2395 6274
-4038 -2222
4123 7250
-9925 4347
-1876 -3955
-1613 3388
7039 -5087
-7921 -9610
2145 1490
-9775 7049
-206 2302
4193 -9123
9352 -6919
-3810 -9023
-8790 -9513
4613 -799
-5301 -1447
-6226 -6402
-9568 -7232
-7169 -7883
-6447 917
1346 264
33 7631
9054 -664
-5374 5986
-835 5844
-6683 8028
-3862 5303
-7919 -4916
-1575 1042
1059 9098
3136 -2364
1431 9185
-1311 -1515
-8862 8481
9957 -624
-1342 8107
3496 8876
-9045 -6072
844 -8280
-5974 6854
6350 -4776
1322 8769
-4116 -3330
-7585 -1529
-8484 5348
4342 1788
1057 -5545
7781 -6291
8832 847
-1058 569
-1803 -3855
6028 9789
-2815 -4791
-5468 -2739
4347 8152
4240 -3295
-2984 4205
-7253 -2088
6314 2662
3301 -7982
-3930 2667
6964 -5391
5034 6869
-2951 -959
-8905 7246
-4905 9996
2778 3457
-1344 204
-804 1532
1584 -9325
-7862 5154
4124 -6636
-8892 -2363
-5228 6852
-8293 -132
-2606 -3830
7546 -3077
-5502 5530
-819 1418
-5246 315
8159 5491
-3835 7100
3057 4244
3927 3558
-4451 2543
8715 -5219
-8922 2625
9880 916
8542 3600
-6499 -2604
2097 197
-2667 1226
-149 8925
-7551 -4146
-1042 3125
-8977 7777
-3223 -8732
-7485 -3353
-1012 7023
306 -3137
3709 1214
1302 -836
1153 -7388
-4909 -5080
-2957 3582
6987 5581
-2083 7357
8218 -2038
-1843 4939
-2752 4132
1794 -1928
-5401 2423
1519 -9062
8003 9809
110 3232
-8072 -8481
-6707 6637
3687 -9117
8894 8169
-9927 -2761
3833 7528
8811 5376
6137 -4559
-140 -580
-6950 4553
8489 4049
-226 6174
5069 -4363
-3386 8879
7644 214
-5392 -4718
4810 3810
1654 5468
2288 1279
-6330 7334
-933 -12
4865 -9991
-9702 4265
-739 -777
6285 -3923
1077 -1417
6758 5556
4743 -2121
1744 -2882
-8432 -1951
4268 -9985
-9476 -142
-7370 -1449
-7283 -5000
-6278 -9331
3153 8580
-4251 -4285
-4514 -1499
9183 -236
5875 -9197
6376 7390
-7407 1566
9137 6025
-1477 9254
9067 -6225
-6277 -4831
-289 5621
-6935 -949
-537 -4993
7379 1747
1548 -5740
-4500 5616
2923 2496
-7166 1042
70 -3758
-1305 -8020
1243 -9236
1673 6878
7422 -1042
721 -3395
-9973 -6537
-4067 9947
6945 -2016
-1131 127
-7351 6435
9037 4176
2384 -5873
-745 2115
1889 -3024
8642 -3360
3190 7480
-817 2824
5079 -8257
3926 -1054
-6053 -3813
1628 -9495
4285 774
1720 -1916
8326 -4447
8671 -5061
-6373 2706
-1608 3635
-2795 4519
-405 -2885
1509 9557
-5012 446
315 -5920
3414 -7454
4279 3109
-5132 5201
4058 9922
-3820 6462
-5194 8531
9890 -8390
2407 -8829
3789 -3664
-1695 3703
-6988 -9517
-912 5548
-4381 -9441
2148 -3189
7437 -5610
-8801 -8818
190 204
7359 -827
3804 -4783
-9315 -6531
881 -6295
-3474 1930
-1172 -1327
4629 -2015
4707 337
-4232 8651
-7860 6612
-8932 2931
3458 8731
-2511 -5692
-6947 -2753
-7516 -8211
5262 -6377
-1660 -315
-5750 -6766
-2633 -1429
-4349 -5165
-7178 9307
3956 7157
-3281 6945
-4070 -5837
2103 -2901
8621 -7453
9041 3578
-864 -5572
5714 5072
7728 6377
-9585 -6367
-8779 -5264
6667 -4795
-9668 -5057
-6266 1473
-7030 7197
3000 7304
3789 -8239
8974 6301
2011 543
8377 8890
5143 5384
-6832 2714
-5418 4762
-9452 9821
-2481 2294
843 -726
-5580 9188
8086 -781
-9511 -8486
6612 -9013
-9572 -9371
-5872 -8577
-453 -8264
9788 -2625
-4547 9413
-6939 -2816
7999 -8475
-1511 -4164
-8432 -6047
-9378 -4430
-5606 -6088
-6046 676
-3647 -6274
2884 4601
-6325 -245
5811 496
3930 7390
8461 4514
1255 -8256
-6833 -7155
4973 3173
4368 -1895
-768 -6341
1274 -7106
698 2249
-2349 6536
-9108 1042
6592 6515
6675 3452
5070 -4179
-1149 -4813
-6301 5698
-6398 2565
3253 -9391
-6937 3975
4580 9823
-9215 7777
596 1221
-456 5848
-8556 -7306
2452 -11
-6098 1425
-7897 9274
-396 -7112
-9203 -8055
7838 7803
-3326 7346
3993 -214
-527 8669
-5497 6667
405 664
9830 6722
7669 -2172
5750 -6885
-9555 -4630
-3029 -9173
2008 2375
3368 8861
-8716 2274
3594 -5673
-7040 365
9812 -8882
6136 6777
3148 -6561
-6217 -9190
-8253 874
1344 -5224
2288 -8212
159 -2821
3756 4275
-6476 -3511
-7558 5426
4974 7011
-4205 4299
-6023 5132
-1498 7199
-4925 -9824
3706 -9960
852 8712
-9414 -9109
4679 2310
9331 9635
-6377 6096
-518 -2769
-9914 1580
-1298 4104
8517 9318
-9197 6471
-2078 -5615
-3857 9125
981 8849
9462 -1349
2307 -5452
-4201 1167
1070 2248
936 1446
-3407 2864
9596 1213
-2843 -7194
1803 8877
-2472 8564
4212 2396
-3571 4397
8681 -4244
9373 7235
2118 -3534
2569 -8540
-91 5830
2848 680
-2673 9074
297 8315
6161 -2162
-9356 7256
-2490 -4348
9722 -411
-687 -4885
2581 -2735
1597 2417
-5364 -2934
-7779 7909
-4134 -9958
1794 3834
-9871 -5531
8877 -4867
-7046 -6234
8364 6476
5478 2729
-1420 -787
-7597 -3626
1751 -828
-3113 3028
-3966 -217
-2079 -2998
3885 -4697
-137 7492
1193 -4218
-1541 -583
3207 255
-3479 -7674
-2292 6175
8379 -7624
-7302 5955
1225 2837
-363 9852
8685 -7617
14 8262
5314 3048
1022 2838
4007 -7990
-4087 3127
583 3573
5270 -4538
2572 2582
-1983 -3940
9521 8324
-7308 -9923
8665 5576
793 -5490
330 79
8558 5084
7365 4033
-3383 -2521
-2523 2931
467 5410
8395 -9631
6248 -5490
6412 4581
-4409 -5195
-2894 7235
-6617 8642
-5181 -6424
-9669 -9640
9691 -63
9596 9738
-7745 -3488
-7493 -6072
-6548 829
5762 6550
-3045 -2210
7984 9641
-7885 2606
-2335 9151
-7924 8181
-6336 -5916
-16 -4013
7403 3095
-3304 9915
264 3789
3701 -3744
-2213 7540
3335 728
3154 1883
7861 2319
-8942 -4418
8818 -959
7850 9316
9250 -6259
6527 2212
5910 -8821
8284 -8491
-3728 5511
-246 6267
-892 -588
7232 -6464
-9435 -8028
-7152 -9301
-9998 -9556
-3694 1386
9452 5782
-8710 -244
7123 8081
-4735 -9058
-1863 8087
3844 -7046
-6612 8051
7878 2522
-2028 -3723
1267 7823
-9026 6887
-7226 -1552
5087 7522
-4983 6845
-3808 7150
9313 8806
7435 -4860
2760 -9873
9888 -1473
-5614 -1810
245 -1189
-1870 1021
5568 4278
-9853 -7486
-5906 325
2726 3724
-824 -1518
411 -7436
3008 2841
4669 9601
3064 -1581
4750 986
8774 5037
-4482 8247
-4710 7751
2634 9444
-8109 -6923
-2423 2163
-1244 1753
2880 -9191
7374 -7498
2751 5866
-5576 -4412
-370 -1047
4729 195
-2881 -2953
3858 -5215
5125 -8175
4061 7143
2246 -9469
-1241 -8101
7224 -3657
7691 3281
1833 -3902
-9096 8248
3808 -8746
9961 3859
-7774 561
5667 8883
-3438 3185
-4593 6565
-6482 5094
631 -4413
-4414 7105
-2049 -4249
8102 1612
9506 2349
2049 5475
-4722 -3592
8174 1142
3754 -6469
-1952 6480
6387 -4135
-2915 9998
-7441 -5436
-3843 5177
581 9060
5123 2194
8380 -7870
5711 2104
-2305 4727
8147 5153
-9854 -7805
-8252 -2388
-8190 -3250
-4717 -741
-9292 5419
9431 -8125
-1484 -2962
8706 -5234
8501 -4413
4546 -6613
9593 -7076
-8969 -9555
7225 9855
7094 -6852
697 -3930
-6553 9027
-4617 2895
6334 4191
-5884 9472
8188 5808
9280 6898
4469 5162
9629 3248
-6322 1342
-6577 945
3603 -7893
-9819 4760
5559 7221
-8836 -8698
387 -8046
-345 -7866
8562 4638
1972 -9596
6491 5621
704 -5486
-9351 9028
-2601 8737
-5894 -7306
-1545 -4131
-9185 -6024
6176 -4248
9725 9751
2466 -8661
8845 623
7336 9112
3027 -7186
-915 6233
-3848 7146
8336 9830
-6811 9225
6756 -1943
-9363 8908
296 4574
4708 -8557
654 2864
-1234 5295
-9513 -3590
-4223 -6097
-7591 8810
-7829 632
-8442 -4132
8284 1592
1487 7835
-58 1165
2585 -3040
-5643 -1376
-7321 -8411
-2780 -1881
-4886 -9184
-546 7892
-3369 7402
9969 -5529
345 7731
-7673 -7325
455 -7751
4736 9526
7658 2556
7667 888
-228 -955
-2579 2461
-5369 -6458
-1143 -6306
-1494 -9859
2616 8897
9189 7658
8788 -8408
-645 -5721
-5999 -5845
-4101 3813
-8754 3755
5508 -2733
-9290 336
2223 -5169
966 123
-6078 6332
8347 6068
3395 6993
3260 -6911
-1456 6275
5965 204
-4885 -6571
-6515 2797
-6540 3143
170 3379
-1445 3511
-5012 5959
-2201 3665
6953 7364
-7168 8521
1470 -6326
-825 -7508
4974 -7143
9310 -7281
-1803 2362
1019 -9088
5611 -377
7848 1042
-1360 2078
-6218 -2088
-3125 9079
4661 7586
-8432 411
1343 -7612
-1731 9729
-9960 5895
-9744 22
-5196 2290
-8972 -7378
-1545 -9372
3487 -9260
-5054 7808
-7641 -2358
7899 5364
8110 6757
-4975 -5126
3582 4919
1646 2391
-987 1588
-9076 -5437
1513 6922
4450 -1533
2321 5123
-9345 -4412
-5181 -4443
13 -3983
-6378 -6847
4425 -3866
4133 6853
5227 3925
2511 5978
-5723 1511
4704 5165
-7687 -4663
8376 2412
-6723 -561
-8303 -6108
-886 6564
-3710 6478
-4514 -2765
-3013 2311
545 2553
-3256 9007
-8749 428
-9506 -4489
8258 2160
6361 -3001
2051 5534
2644 -7061
3763 7155
2810 5317
-2789 2406
-7720 -9427
-5681 9730
4039 7860
9844 7654
1366 -2009
-3063 -9801
-4567 1724
-5233 5697
3913 1884
-5158 2865
4154 1117
3078 4698
1840 3579
-6080 -6649
-7285 -1670
4425 1669
-4901 8138
272 -3830
4687 -8479
6388 -7367
-4334 -9397
-9207 -1630
-9938 1852
101 -9081
8171 8066
-6758 -9075
475 4346
8251 1163
-2505 -379
-2110 -9540
3939 6493
4938 -6965
3565 5267
5100 -2706
-8548 8596
-8991 2392
5496 -7791
-2801 3550
323 -5293
4635 9988
-6523 -7000
-4821 -5351
-4912 3499
-8806 753
9886 9108
8675 -4934
3630 5928
-1306 -827
-4335 7757
4804 -5206
6752 -7194
9467 9575
7056 849
-4571 -1734
-2853 -5299
-9161 -7213
4986 -2098
6982 938
1314 289
7947 -9935
4072 -5654
-2592 -7657
9920 5942
8762 9567
3514 8026
-2115 2566
-97 -160
-6765 -9329
-6467 -4397
-2408 4239
-1930 2928
-6394 5185
8268 5888
80 -4273
8946 7755
7858 5375
9810 4738
722 2405
5398 7124
9654 -8886
2087 -4139
4751 -879
6815 -1727
2883 -4855
-5334 6310
-2595 -4290
-7304 -6292
1995 -8857
-9261 2223
-5926 -5968
-4138 3034
-9379 5759
-9833 2509
2755 5164
9118 830
-4727 -3591
-4051 -3522
-7849 -7792
8177 4485
8369 -5
-6996 -5066
-8939 -7365
349 2148
2679 6101
-7257 -422
1666 -6825
3049 5621
5251 9052
-4760 8991
-1047 -5695
5518 7718
-3973 3836
1037 -9005
9760 6218
-8444 -214
-7034 -3747
3853 4079
-8973 -9073
1973 7986
-4590 -1981
9830 6653
2421 -461
9163 -7902
3359 327
1227 -6902
6968 9186
-4469 4064
4477 -4715
8907 -2776
1597 -647
2387 6461
4545 2956
-3388 -4588
-679 8970
4594 4323
-2921 -2747
3581 -9066
-5525 8864
-4704 6487
4672 -1061
-2364 -568
-5009 8457
2818 -6220
-9278 9789
9602 5741
-7980 -5252
-3611 6056
5631 -6631
-7892 9465
-7073 3751
2776 4389
5733 6903
6019 -285
-4395 -5403
-412 5612
9989 -7580
2551 -7342
-8283 -7046
1470 6087
-9863 -7169
-5310 -468
9368 8852
2303 -7669
-9136 7524
-4697 -8895
6755 -4169
3559 -9079
6162 3246
3699 -1913
-7562 -6897
8174 6124
200 -6011
5752 9599
2197 -6270
4338 2676
1899 -3980
9328 -9905
-939 -6756
5021 6881
-5401 3687
-1150 -1920
9294 -1517
8857 4158
-1139 1629
-3504 -1529
-745 -6618
3649 7034
-5343 -1435
9332 5378
-6901 2704
133 7133
-6814 2626
-795 735
-3498 3463
1860 2918
8225 6817
-6512 -1250
4252 94
6830 -8284
-4868 -8406
737 -9433
7234 -4133
-6579 -1483
2370 -7707
5438 -9505
-6088 9642
3781 1895
-6447 1716
-5107 -3333
9277 -1879
-2345 5398
9769 3577
245 2437
9894 -5102
-7219 4562
1734 7615
246 -8495
-8034 -434
9899 7318
-796 -9312
8364 -5791
8024 1365
-994 8582
-6964 1592
-4804 -7464
-4799 163
-7561 7010
3939 5339
-9203 -6344
5621 984
-1378 -2528
9512 -9124
-1240 -3704
-605 2276
-71 3987
1816 -2426
7463 8588
-244 -6555
7373 -1596
-5429 1662
-599 -1699
9702 -9755
-639 -8429
5176 3236
-2435 -3374
-1231 6243
-8303 8220
2066 892
-5303 7147
-7396 -7291
-813 759
-8337 1209
719 7626
2699 -6150
-2747 493
7965 2393
9084 -6041
-8418 -9679
-2231 9266
1515 -2812
1120 6159
-5289 -6698
-4782 5573
-4123 9242
-3478 8864
8748 -9775
-4201 -8138
-7525 8642
-3362 -1508
-475 1734
-1129 1325
-4018 7071
-1340 6375
7158 7738
6637 1744
-6878 -4570
-4368 5415
1588 3027
-3952 8360
-4009 5145
1748 3457
7328 -1611
1744 7740
-3407 7222
-8517 -7060
3682 9276
-260 9780
8316 9795
176 -2361
4641 -1158
8415 -1861
-7395 4777
5741 3318
4593 384
273 -553
2594 -1723
-7499 4380
9985 5414
3997 7593
-4673 920
-218 9936
6254 3696
8061 -6155
5689 -4148
7098 1793
-7150 8408
-6281 7148
6730 -6391
851 -7450
2647 8426
-6854 6209
-3052 2036
346 -4595
6775 5360
9794 -7098
-4202 2583
-7688 -6279
9060 8478
1885 -1092
6715 1895
7629 -1260
3285 8480
-3404 4185
-5442 -4648
7650 6376
-5437 1446
-5055 -3099
-2227 3572
2987 -5783
-6651 2656
-2930 -9672
-3943 4196
-4005 267
6096 9997
8088 8251
1724 -8058
-4166 -9248
-9204 4406
-7077 -1532
-4561 6161
-9153 1422
7710 -6582
8339 4351
-2362 5410
5947 -4513
-4509 -2333
-4441 -5941
-5175 7300
-7317 9089
2484 6329
8088 -5440
-2736 9399
-5348 -7380
-4389 -5807
-3896 3367
648 -5481
8778 -2813
1808 5647
-7382 -7361
5857 1644
-7372 -9315
-5951 2600
2760 -5943
6383 -8225
5926 -6505
1722 -6166
5984 -890
8073 6287
-5842 8311
8766 5718
-1261 -6556
-694 -7420
4838 -9028
-1112 8371
2251 -823
4682 -9957
-6768 -9160
3700 7402
-9490 4664
-3361 -9405
-3763 -6164
-1734 -7391
-8356 -3186
-1465 -332
-886 5521
1489 -5693
-6127 -9862
-7096 9184
1379 -8531
7761 1787
5168 8011
-476 -3251
-1188 1678
-9398 5143
5409 -9330
5776 -507
1672 8171
-519 -5097
5177 -3303
-9065 -1976
2437 9220
-744 6729
7687 375
6170 -6906
7935 4516
-3977 9041
6902 4851
-4574 -1775
4311 -8483
3796 -35
-3788 3391
4258 -1556
9744 -8005
2634 -4299
656 8001
-5994 -5318
-9466 -264
9350 5947
-1246 2794
-939 8437
5508 7508
7207 -9107
4647 6735
2590 6821
2744 -8744
591 3660
2901 969
-8188 9045
-5038 -9188
6984 5691
7740 468
2437 9934
510 -8660
8507 -2834
5500 -521
9470 -8483
2455 5358
4457 -1297
6183 3365
3796 -6991
-595 5813
2957 -601
-2591 345
1781 -436
-2076 -9696
985 -2058
5809 3369
-9304 -4961
-4930 7273
382 3306
8227 -4576
-8680 -6736
-8214 -926
-8796 7542
6511 3108
-7138 1596
-2984 3974
-3714 -8074
7511 -6963
2524 -9836
-441 -1058
9241 5195
8494 1528
-4293 9086
4661 -582
-6367 8909
-7018 -9511
-5218 -6020
4493 -308
-2387 8335
-859 4238
3053 4816
7442 9388
-9075 -8166
-2917 8770
-2473 -7968
-5251 218
-6254 -715
-3817 -3876
-5230 257
-6634 -7882
-7120 -2908
-525 -6048
-1387 -3474
-808 -7694
-2567 -2182
5424 4188
1023 5320
5889 -5575
7753 9105
602 -6128
2003 5891
-8110 -8400
4160 2764
6742 5496
7796 -1632
-5078 7355
4968 -2978
1358 -4040
-4659 3489
775 4399
2641 -5224
1337 9709
-3392 560
9194 -1574
3396 -8242
-1629 -4335
9655 9494
115 -3012
-4798 -2126
-209 5848
-217 3696
-5491 9064
-7104 8068
9220 -6000
-6039 -72
9084 -5737
-1670 6202
1230 -2774
-5446 -7819
4991 -6400
3570 -1684
-7900 6038
9997 9257
7700 5474
6907 -5630
-9242 7466
-6303 4926
-5384 8945
-9733 2272
6813 -1460
1339 5193
-5536 -6533
-7327 -5893
7335 -6548
-1737 -7111
-7567 -6980
2882 -3809
-7722 -8534
1595 -1530
9067 -6362
-9633 -6254
-2907 9591
-830 -8383
-9435 3403
1586 2284
-3042 2282
-4633 -3549
2260 8376
-6148 8633
3364 5889
-8079 4247
-2790 4018
-8064 7737
-5417 7506
2648 -6851
-2650 1796
3205 3174
-1828 -2407
-1900 -5128
4296 -8944
-6458 -6069
1866 5978
5930 151
7653 -3569
3930 -6099
7614 2962
5105 -6823
-8284 -3880
6535 3075
7655 1433
7033 -6941
-9245 -1564
-5066 5162
9076 2193
8278 -5334
276 8979
-5664 2308
2347 7990
-7620 1231
8088 1784
-9916 8152
-6425 -1254
-4466 4387
6691 27
1457 -7948
1058 5024
-2783 -7137
-5978 -9517
-6824 -6571
1044 -9232
1074 -4540
-1847 -737
3624 8635
-1374 -7203
830 -6274
-6261 -4696
4987 -4130
1349 8881
9483 2008
-7098 547
8470 -951
-9265 6226
3608 5251
1761 -8528
-1715 1863
4814 8951
-9813 7319
-9291 4623
-1 4311
5121 -3101
-4239 3894
9196 -2269
8313 -4247
-9963 -8653
1514 -4859
-9001 1167
-9473 -9504
-7703 -7975
-5276 1927
5655 8373
-3126 -2846
4511 8966
-1088 -5213
-4884 7667
-4840 6725
-1118 -4829
6887 6002
-5214 -5424
-148 3004
7912 -2146
5213 413
-43 -6856
864 -6353
8423 9690
5022 8684
-101 8072
8656 6748
-9975 8606
9383 -9771
8818 3525
-9363 -7630
6187 4789
6259 5828
4279 -5476
5710 7720
2173 1720
4014 -2200
-6841 6460
7196 1366
-1898 -4736
-3636 -4575
-7356 -3524
-3175 809
-3486 -9862
5977 -3821
-4807 -378
4185 -5613
-2783 2843
4226 5168
-3115 5035
-633 3898
-6020 7302
-3490 8179
-5942 855
3589 -6436
-8590 -1984
2126 3554
-2839 5211
9725 -289
-2037 -4551
-687 4140
-1453 -470
2526 -7450
7534 -374
-9417 315
-7766 -7972
-5519 3067
5897 2465
-8555 -4658
9965 -1354
-3249 5659
-3451 2412
-5232 7177
7495 -9369
7226 2006
3117 -5486
-2796 -8565
-4279 5226
-4649 4450
-5225 -6040
-9356 4431
272 -6727
-8670 9382
-6465 9059
7656 4695
3765 4383
-254 9316
8697 3654
-2409 6135
-5239 5349
-4946 6903
2399 -1424
7198 7719
4824 -6955
-2655 -9330
-2887 -3006
-9433 6004
-1998 2319
-4614 -6724
1081 -4614
3642 8436
-7026 -7470
8240 8734
4768 -2113
-7262 2067
-2365 -785
-312 -575
8906 -6259
-7968 -8305
-3926 -6390
-5442 -9511
1714 6986
-2418 -3230
3815 3741
1314 -3622
-1733 -5686
-4947 9375
-8293 -3382
3928 -132
336 8464
-7049 -3064
-9693 5278
3035 7897
7306 1142
7098 -5740
287 -6310
7201 -2530
-9172 3152
-3279 -4012
4948 1469
-5082 -8974
6572 6359
-6201 -6680
-5838 313
-2282 2287
-188 2163
1359 -2390
-9341 7621
-9819 6436
-6050 -316
-536 -7327
6643 -2947
6090 -5424
-2887 7583
8546 -1446
9896 -2060
4919 8866
3545 -8076
364 -6053
1478 -286
3735 -3007
-6577 -5190
4447 8123
2331 -409
-3190 -6793
2971 285
-7963 -4736
-7995 -7755
-5617 -482
-9731 9222
6207 -3422
1766 9163
2391 -8128
7244 2492
4065 8735
-2743 6234
-5043 4236
5948 -7529
9249 1832
2605 7967
2245 7521
772 5339
5583 -390
-4098 -345
6861 1299
7540 -9155
-6322 2255
3507 -2844
5226 -5740
2419 2575
-9121 9838
5525 -1925
5950 6736
-4672 -2199
-685 9533
-7005 2551
6912 -7699
-3023 8685
5806 6427
-6420 -7220
5970 -2412
5631 -7235
-8806 -3589
2555 2701
-9272 -1209
-2755 4989
9412 -9970
7088 2406
-8005 -7303
9389 8846
-5718 8101
-9661 7327
-1696 -5011
-6068 -8624
-4722 4821
1350 8798
-9321 -362
6605 3290
-5793 2760
-3120 -462
-5819 2626
-2928 -9476
2288 -1994
3138 6881
-4787 4570
6689 3109
7038 -5267
8498 7868
-2751 8303
4461 6205
-7522 1178
-2578 -4093
7441 -1553
4309 -226
-6575 -6203
-1802 -765
5816 -150
4665 1655
1028 9814
-4961 -9702
1850 -2949
6163 707
8131 8241
-8241 5946
1140 8736
-3959 -4096
8298 675
-2940 3002
-4797 -8835
-6917 -6159
3696 -6636
3456 -8585
-3629 -2547
7292 -2812
68 -3157
-3160 -2566
3263 4163
-5646 5427
5015 6715
-2225 9199
-3313 8363
8633 -5311
7756 -7706
936 -4859
-7211 -8337
-3549 -137
6731 -8802
-3399 -1514
3594 4747
-5665 677
-9052 4571
-4123 -5703
1896 8606
2640 -5865
-3680 1632
7986 -1512
3390 -6117
7153 5332
-5270 -1234
-6342 -5923
6517 2151
-5602 -1595
-9609 6977
702 2065
-2439 5868
-8168 -9733
2379 7097
8251 2116
2485 4336
2793 9149
-347 -3200
8820 1156
-6324 7962
6472 2848
-5956 1269
-6245 -5172
1088 -9742
4160 -1203
172 7472
-6095 4919
-2096 -9425
6574 452
-200 7718
6109 6293
-4369 -4963
-7153 393
5973 -5491
4424 -284
3330 3241
-5272 -7572
-9496 7854
-1979 6292
2112 7004
-822 2120
-7064 -546
-8057 5012
431 7873
1245 -923
226 -1632
-8644 -4043
-8148 -9821
-2784 9006
-1579 3361
-1146 -3421
-4167 -5556
5466 6930
2744 -8524
4414 49
2554 -9718
8340 2796
-1461 -6012
3357 6177
-6906 -2166
9962 8100
3263 -4654
9490 -5039
1885 8770
-9424 -9675
638 -986
-2130 8750
-1850 -7401
-3713 8492
3987 -4988
-7732 -1046
-6541 -8805
6523 -57
28 -1440
7417 7864
-3178 1039
5912 -9413
3399 754
3315 -9513
-5046 504
-4955 3973
-9100 4089
9411 -6461
2412 9589
-5355 -4060
7701 4864
-7811 8081
-4435 1008
4641 2067
-1177 -454
4933 -6675
-8647 -7289
3503 9598
3102 -2718
-4649 7396
-717 -4200
3537 -6518
9967 -1705
-1947 -631
-8216 2983
7531 438
-6086 1477
-9838 1957
-1151 7830
5021 -7610
6113 -8752
1663 5407
5571 -8280
2620 8188
-9414 9812
437 -4871
4238 -2751
6656 1901
-8673 8706
8114 7270
-7046 -4729
283 5839
2014 -5506
9410 -124
-7451 -8455
749 5271
2260 -7040
-8718 -1965
4136 8129
-2089 8246
5675 -135
-1217 -8029
-7454 2402
6199 6664
4820 -1739
630 143
9716 7751
9436 841
964 5823
-6607 1076
-7691 -7257
5639 9040
-937 5166
2868 1278
-4034 -1379
7764 -6803
795 9867
-8406 3089
6488 -1689
3293 9612
-1706 -7254
5055 4287
915 -9394
5554 4509
-6476 441
7071 8313
4736 6834
5936 2931
4225 -258
2908 -2620
9533 -5079
697 -3802
496 -2568
9347 9848
6156 -3654
4353 -7348
-7471 -6219
-7219 9563
-2312 -8648
-1876 -1543
9611 8359
-2247 5525
1550 9451
-1540 3961
-6070 -1337
8864 -3255
5403 -4087
-9922 -6627
2048 -1143
-6210 -6518
-8742 5705
8352 7177
6088 4418
5783 955
4052 6373
-4757 2873
-8383 -5549
-2232 -8826
7168 5171
4648 1045
8972 -4614
5918 -2507
-2518 -2393
-2751 6615
-6298 9408
-2486 8830
7561 -5359
-2802 -6095
-9993 576
9437 7132
-6333 7505
9908 -2443
-6580 -4010
-4873 952
8145 8903
-3796 6876
4208 2744
-5490 5872
9787 858
-305 -1520
-2831 9167
-2748 4643
-1142 -3588
5311 6976
7252 -6137
-8833 -3408
5734 7516
-2623 -8533
-4523 -1639
-5927 -8509
-7521 6296
8470 -5201
3204 637
-5378 -5184
-9869 1326
-5883 -852
-9119 956
-38 -5500
252 -4735
8698 7007
679 -1849
3699 4281
7736 9612
-8858 6692
-4633 -6958
394 1426
-3215 -1797
-3999 872
-9303 -7547
-8561 8221
-8210 495
6844 -4074
9745 2018
-4290 -5223
-2447 -7123
1214 -9789
-337 -2935
812 4327
-7404 -5811
-2938 3591
-505 -2071
9449 7088
-9069 2691
-7638 2677
-5045 9090
-6197 -2201
-6174 -9524
5217 -9816
1307 -2227
4535 -4282
3901 6364
-861 -7511
1828 183
-8237 9720
7390 1673
-1725 6507
5391 -2153
-1275 3860
1045 9756
-5005 -2946
-344 3033
9822 -1537
9074 -6585
6385 -814
1847 628
-6980 4823
-347 -8656
9689 3130
8790 6959
-4740 748
928 -7359
5287 3281
814 -2705
2408 5978
1751 -8643
-862 1551
-7222 -2519
6062 -9132
6541 -9324
-6585 -1588
3797 2576
-2127 -3238
-1347 3452
-3146 4046
-1842 5595
5070 4086
4495 4247
6125 -2986
7746 -3460
7648 1779
1007 -9594
7435 490
-8510 1469
2045 -7829
-4718 8820
6588 8114
3544 6847
6950 8351
4768 -1475
-5372 7362
-9560 8361
-2181 6156
-3714 5052
7055 -1469
1356 -953
-6878 1
-6973 1636
7405 3390
5141 7383
-4729 7183
-8593 -5318
-1236 -663
9006 6956
-9459 7648
7297 7774
2245 -779
-8088 -9714
1338 2645
2587 -8721
-5797 -3562
4414 -6487
815 6234
5698 -3413
5086 -8092
9441 -6441
-6790 7385
-6747 -2556
5954 5758
-404 8481
7149 -670
4510 9406
1234 3581
6802 3901
-1912 -7259
-9702 -5240
-9197 3862
3180 8833
-7231 7893
3866 2530
3639 2418
